$ANSIBLE_VAULT;1.1;AES256
31343665383230373930623233383338646630383637303238353235386639356262343934626133
6165336362366232663763363366343361343634343931640a323731366335326530376262316236
31383563316533353934373339663936366138356461313062303635333835653437666133303333
6234363863663164360a633066316431616338346662396465633531663330623162303034336633
37653662613233666164316132336531323961353063386332343637623736613162623534623663
31623634356535393631653533383438393832373937303937376531336262626230323765303962
35663465633031316161646164363338343961373031383838663263616262663534393039393362
35313163396462393238633632653837313630313835306331613730383966626464313162633134
62353532353037666534323366386162636161383264616535376530393138346139356230636336
64356438383134363831326536333066316561656633653234363831663536306563323235353035
61336335346562313034383732353565396238316263663735656438336665636263373162636431
34313339616164343232373563303338643636653330383566353763373339643438383864623331
64636666663834333438653061363966666165373637303437643263366561636638376139653936
32363166376565643537393730653732636438316534653266366466346136663366353263306462
33346662333435663233363463353937336363356631343064626163653466396234656164356366
38313262333633633435663063626430346633623331356234616634363736643262613032663839
38356234623465386363353333393837323966363430386238333736653336373238663336346162
36663566333835383831396531336563343732663264396565656431333735623762386465623533
63613765663061663234653665333966666462613962373261663536306364316331313563623534
66653334656233393162356461316339323332313237363938386535353930366331326562633661
37353164363561643439323733663536346433376164633234623563306365346433653434376535
66376637653838373530326266623033393636633336336161366165636462356433363734333731
38616434643031383263303731643436343564346334663661356162633865393933616562656431
38666131306565626238323033636165343132656466626634303763383432373137616233373765
3739
